1: {1, 2, 3, 4, 5, 8, 9, 12, 14, 16, 18, 30} - 8, 22, 
2: {1, 2, 3, 4, 6, 7, 10, 11, 13, 15, 17, 29} - 14, 128, 
3: {1, 2, 3, 5, 6, 8, 9, 12, 14, 15, 18, 21} - 7, 136, 
4: {1, 2, 3, 5, 8, 9, 11, 12, 14, 15, 21, 31} - 7, 139, 
5: {1, 2, 3, 5, 8, 9, 12, 13, 14, 16, 30, 31} - 8, 25, 
6: {1, 2, 3, 5, 8, 9, 12, 14, 15, 16, 18, 31} - 7, 8, 27, 141, 
7: {1, 2, 3, 5, 8, 9, 12, 14, 15, 18, 21, 31} - 3, 4, 6, 9, 28, 142, 
8: {1, 2, 3, 5, 8, 9, 12, 14, 16, 18, 30, 31} - 1, 5, 6, 9, 29, 143, 
9: {1, 2, 3, 5, 8, 9, 12, 14, 18, 21, 30, 31} - 7, 8, 30, 144, 
10: {1, 2, 4, 5, 6, 7, 10, 11, 13, 16, 17, 22} - 15, 37, 
11: {32, 1, 2, 4, 6, 7, 10, 11, 12, 13, 16, 22} - 15, 74, 
12: {32, 1, 2, 4, 6, 7, 10, 11, 13, 14, 15, 29} - 14, 199, 
13: {32, 1, 2, 4, 6, 7, 10, 11, 13, 15, 16, 17} - 14, 15, 75, 200, 
14: {32, 1, 2, 4, 6, 7, 10, 11, 13, 15, 17, 29} - 2, 12, 13, 16, 76, 201, 
15: {32, 1, 2, 4, 6, 7, 10, 11, 13, 16, 17, 22} - 10, 11, 13, 16, 77, 202, 
16: {32, 1, 2, 4, 6, 7, 10, 11, 13, 17, 22, 29} - 14, 15, 78, 203, 
17: {1, 3, 4, 5, 7, 8, 9, 12, 13, 16, 19, 23} - 20, 42, 
18: {1, 3, 4, 5, 8, 9, 10, 12, 13, 16, 23, 30} - 20, 56, 
19: {1, 3, 4, 5, 8, 9, 12, 13, 14, 16, 19, 30} - 20, 22, 25, 57, 
20: {1, 3, 4, 5, 8, 9, 12, 13, 16, 19, 23, 30} - 17, 18, 19, 23, 26, 58, 
21: {1, 3, 4, 5, 8, 9, 12, 14, 15, 16, 18, 19} - 22, 27, 
22: {1, 3, 4, 5, 8, 9, 12, 14, 16, 18, 19, 30} - 1, 19, 21, 23, 29, 59, 
23: {1, 3, 4, 5, 8, 9, 12, 16, 18, 19, 23, 30} - 20, 22, 31, 60, 
24: {1, 3, 5, 8, 9, 12, 13, 14, 15, 16, 19, 31} - 25, 27, 
25: {1, 3, 5, 8, 9, 12, 13, 14, 16, 19, 30, 31} - 5, 19, 24, 26, 29, 100, 
26: {1, 3, 5, 8, 9, 12, 13, 16, 19, 23, 30, 31} - 20, 25, 31, 101, 
27: {1, 3, 5, 8, 9, 12, 14, 15, 16, 18, 19, 31} - 6, 21, 24, 28, 29, 231, 
28: {1, 3, 5, 8, 9, 12, 14, 15, 18, 19, 21, 31} - 7, 27, 30, 232, 
29: {1, 3, 5, 8, 9, 12, 14, 16, 18, 19, 30, 31} - 8, 22, 25, 27, 30, 31, 102, 233, 
30: {1, 3, 5, 8, 9, 12, 14, 18, 19, 21, 30, 31} - 9, 28, 29, 32, 103, 234, 
31: {1, 3, 5, 8, 9, 12, 16, 18, 19, 23, 30, 31} - 23, 26, 29, 32, 104, 235, 
32: {1, 3, 5, 8, 9, 12, 18, 19, 21, 23, 30, 31} - 30, 31, 105, 236, 
33: {1, 4, 5, 6, 7, 8, 10, 12, 13, 16, 22, 26} - 38, 44, 
34: {1, 4, 5, 6, 7, 9, 10, 12, 13, 16, 26, 27} - 38, 47, 
35: {1, 4, 5, 6, 7, 10, 11, 12, 13, 16, 22, 27} - 37, 38, 49, 74, 
36: {1, 4, 5, 6, 7, 10, 11, 13, 15, 16, 17, 27} - 37, 75, 
37: {1, 4, 5, 6, 7, 10, 11, 13, 16, 17, 22, 27} - 10, 35, 36, 39, 50, 77, 
38: {1, 4, 5, 6, 7, 10, 12, 13, 16, 22, 26, 27} - 33, 34, 35, 39, 51, 79, 
39: {1, 4, 5, 6, 7, 10, 13, 16, 17, 22, 26, 27} - 37, 38, 52, 80, 
40: {1, 4, 5, 7, 8, 9, 10, 12, 13, 16, 23, 26} - 42, 44, 47, 56, 
41: {1, 4, 5, 7, 8, 9, 12, 13, 14, 16, 19, 26} - 42, 57, 
42: {1, 4, 5, 7, 8, 9, 12, 13, 16, 19, 23, 26} - 17, 40, 41, 45, 48, 58, 
43: {1, 4, 5, 7, 8, 10, 11, 12, 13, 16, 22, 23} - 44, 49, 
44: {1, 4, 5, 7, 8, 10, 12, 13, 16, 22, 23, 26} - 33, 40, 43, 45, 51, 61, 
45: {1, 4, 5, 7, 8, 12, 13, 16, 19, 22, 23, 26} - 42, 44, 53, 62, 
46: {1, 4, 5, 7, 9, 10, 11, 12, 13, 16, 23, 27} - 47, 49, 
47: {1, 4, 5, 7, 9, 10, 12, 13, 16, 23, 26, 27} - 34, 40, 46, 48, 51, 64, 
48: {1, 4, 5, 7, 9, 12, 13, 16, 19, 23, 26, 27} - 42, 47, 53, 65, 
49: {1, 4, 5, 7, 10, 11, 12, 13, 16, 22, 23, 27} - 35, 43, 46, 50, 51, 82, 
50: {1, 4, 5, 7, 10, 11, 13, 16, 17, 22, 23, 27} - 37, 49, 52, 83, 
51: {1, 4, 5, 7, 10, 12, 13, 16, 22, 23, 26, 27} - 38, 44, 47, 49, 52, 53, 67, 85, 
52: {1, 4, 5, 7, 10, 13, 16, 17, 22, 23, 26, 27} - 39, 50, 51, 54, 68, 86, 
53: {1, 4, 5, 7, 12, 13, 16, 19, 22, 23, 26, 27} - 45, 48, 51, 54, 69, 88, 
54: {1, 4, 5, 7, 13, 16, 17, 19, 22, 23, 26, 27} - 52, 53, 71, 89, 
55: {1, 4, 5, 8, 9, 10, 12, 13, 14, 16, 26, 30} - 56, 57, 
56: {1, 4, 5, 8, 9, 10, 12, 13, 16, 23, 26, 30} - 18, 40, 55, 58, 61, 64, 
57: {1, 4, 5, 8, 9, 12, 13, 14, 16, 19, 26, 30} - 19, 41, 55, 58, 59, 100, 
58: {1, 4, 5, 8, 9, 12, 13, 16, 19, 23, 26, 30} - 20, 42, 56, 57, 60, 62, 65, 101, 
59: {1, 4, 5, 8, 9, 12, 14, 16, 18, 19, 26, 30} - 22, 57, 60, 102, 
60: {1, 4, 5, 8, 9, 12, 16, 18, 19, 23, 26, 30} - 23, 58, 59, 63, 66, 104, 
61: {1, 4, 5, 8, 10, 12, 13, 16, 22, 23, 26, 30} - 44, 56, 62, 67, 
62: {1, 4, 5, 8, 12, 13, 16, 19, 22, 23, 26, 30} - 45, 58, 61, 63, 69, 106, 
63: {1, 4, 5, 8, 12, 16, 18, 19, 22, 23, 26, 30} - 60, 62, 70, 107, 
64: {1, 4, 5, 9, 10, 12, 13, 16, 23, 26, 27, 30} - 47, 56, 65, 67, 
65: {1, 4, 5, 9, 12, 13, 16, 19, 23, 26, 27, 30} - 48, 58, 64, 66, 69, 109, 
66: {1, 4, 5, 9, 12, 16, 18, 19, 23, 26, 27, 30} - 60, 65, 70, 110, 
67: {1, 4, 5, 10, 12, 13, 16, 22, 23, 26, 27, 30} - 51, 61, 64, 68, 69, 91, 
68: {1, 4, 5, 10, 13, 16, 17, 22, 23, 26, 27, 30} - 52, 67, 71, 92, 
69: {1, 4, 5, 12, 13, 16, 19, 22, 23, 26, 27, 30} - 53, 62, 65, 67, 70, 71, 94, 112, 
70: {1, 4, 5, 12, 16, 18, 19, 22, 23, 26, 27, 30} - 63, 66, 69, 72, 95, 113, 
71: {1, 4, 5, 13, 16, 17, 19, 22, 23, 26, 27, 30} - 54, 68, 69, 72, 96, 115, 
72: {1, 4, 5, 16, 17, 18, 19, 22, 23, 26, 27, 30} - 70, 71, 98, 116, 
73: {32, 1, 4, 6, 7, 10, 11, 12, 13, 15, 16, 27} - 74, 75, 
74: {32, 1, 4, 6, 7, 10, 11, 12, 13, 16, 22, 27} - 11, 35, 73, 77, 79, 82, 
75: {32, 1, 4, 6, 7, 10, 11, 13, 15, 16, 17, 27} - 13, 36, 73, 76, 77, 255, 
76: {32, 1, 4, 6, 7, 10, 11, 13, 15, 17, 27, 29} - 14, 75, 78, 256, 
77: {32, 1, 4, 6, 7, 10, 11, 13, 16, 17, 22, 27} - 15, 37, 74, 75, 78, 80, 83, 257, 
78: {32, 1, 4, 6, 7, 10, 11, 13, 17, 22, 27, 29} - 16, 76, 77, 81, 84, 258, 
79: {32, 1, 4, 6, 7, 10, 12, 13, 16, 22, 26, 27} - 38, 74, 80, 85, 
80: {32, 1, 4, 6, 7, 10, 13, 16, 17, 22, 26, 27} - 39, 77, 79, 81, 86, 261, 
81: {32, 1, 4, 6, 7, 10, 13, 17, 22, 26, 27, 29} - 78, 80, 87, 262, 
82: {32, 1, 4, 7, 10, 11, 12, 13, 16, 22, 23, 27} - 49, 74, 83, 85, 
83: {32, 1, 4, 7, 10, 11, 13, 16, 17, 22, 23, 27} - 50, 77, 82, 84, 86, 264, 
84: {32, 1, 4, 7, 10, 11, 13, 17, 22, 23, 27, 29} - 78, 83, 87, 265, 
85: {32, 1, 4, 7, 10, 12, 13, 16, 22, 23, 26, 27} - 51, 79, 82, 86, 88, 91, 
86: {32, 1, 4, 7, 10, 13, 16, 17, 22, 23, 26, 27} - 52, 80, 83, 85, 87, 89, 92, 267, 
87: {32, 1, 4, 7, 10, 13, 17, 22, 23, 26, 27, 29} - 81, 84, 86, 90, 93, 268, 
88: {32, 1, 4, 7, 12, 13, 16, 19, 22, 23, 26, 27} - 53, 85, 89, 94, 
89: {32, 1, 4, 7, 13, 16, 17, 19, 22, 23, 26, 27} - 54, 86, 88, 90, 96, 270, 
90: {32, 1, 4, 7, 13, 17, 19, 22, 23, 26, 27, 29} - 87, 89, 97, 271, 
91: {32, 1, 4, 10, 12, 13, 16, 22, 23, 26, 27, 30} - 67, 85, 92, 94, 
92: {32, 1, 4, 10, 13, 16, 17, 22, 23, 26, 27, 30} - 68, 86, 91, 93, 96, 273, 
93: {32, 1, 4, 10, 13, 17, 22, 23, 26, 27, 29, 30} - 87, 92, 97, 274, 
94: {32, 1, 4, 12, 13, 16, 19, 22, 23, 26, 27, 30} - 69, 88, 91, 95, 96, 118, 
95: {32, 1, 4, 12, 16, 18, 19, 22, 23, 26, 27, 30} - 70, 94, 98, 119, 
96: {32, 1, 4, 13, 16, 17, 19, 22, 23, 26, 27, 30} - 71, 89, 92, 94, 97, 98, 121, 276, 
97: {32, 1, 4, 13, 17, 19, 22, 23, 26, 27, 29, 30} - 90, 93, 96, 99, 122, 277, 
98: {32, 1, 4, 16, 17, 18, 19, 22, 23, 26, 27, 30} - 72, 95, 96, 99, 123, 278, 
99: {32, 1, 4, 17, 18, 19, 22, 23, 26, 27, 29, 30} - 97, 98, 
100: {1, 5, 8, 9, 12, 13, 14, 16, 19, 26, 30, 31} - 25, 57, 101, 102, 
101: {1, 5, 8, 9, 12, 13, 16, 19, 23, 26, 30, 31} - 26, 58, 100, 104, 106, 109, 
102: {1, 5, 8, 9, 12, 14, 16, 18, 19, 26, 30, 31} - 29, 59, 100, 103, 104, 279, 
103: {1, 5, 8, 9, 12, 14, 18, 19, 21, 26, 30, 31} - 30, 102, 105, 280, 
104: {1, 5, 8, 9, 12, 16, 18, 19, 23, 26, 30, 31} - 31, 60, 101, 102, 105, 107, 110, 281, 
105: {1, 5, 8, 9, 12, 18, 19, 21, 23, 26, 30, 31} - 32, 103, 104, 108, 111, 282, 
106: {1, 5, 8, 12, 13, 16, 19, 22, 23, 26, 30, 31} - 62, 101, 107, 112, 
107: {1, 5, 8, 12, 16, 18, 19, 22, 23, 26, 30, 31} - 63, 104, 106, 108, 113, 285, 
108: {1, 5, 8, 12, 18, 19, 21, 22, 23, 26, 30, 31} - 105, 107, 114, 286, 
109: {1, 5, 9, 12, 13, 16, 19, 23, 26, 27, 30, 31} - 65, 101, 110, 112, 
110: {1, 5, 9, 12, 16, 18, 19, 23, 26, 27, 30, 31} - 66, 104, 109, 111, 113, 288, 
111: {1, 5, 9, 12, 18, 19, 21, 23, 26, 27, 30, 31} - 105, 110, 114, 289, 
112: {1, 5, 12, 13, 16, 19, 22, 23, 26, 27, 30, 31} - 69, 106, 109, 113, 115, 118, 
113: {1, 5, 12, 16, 18, 19, 22, 23, 26, 27, 30, 31} - 70, 107, 110, 112, 114, 116, 119, 291, 
114: {1, 5, 12, 18, 19, 21, 22, 23, 26, 27, 30, 31} - 108, 111, 113, 117, 120, 292, 
115: {1, 5, 13, 16, 17, 19, 22, 23, 26, 27, 30, 31} - 71, 112, 116, 121, 
116: {1, 5, 16, 17, 18, 19, 22, 23, 26, 27, 30, 31} - 72, 113, 115, 117, 123, 293, 
117: {1, 5, 17, 18, 19, 21, 22, 23, 26, 27, 30, 31} - 114, 116, 
118: {32, 1, 12, 13, 16, 19, 22, 23, 26, 27, 30, 31} - 94, 112, 119, 121, 
119: {32, 1, 12, 16, 18, 19, 22, 23, 26, 27, 30, 31} - 95, 113, 118, 120, 123, 326, 
120: {32, 1, 12, 18, 19, 21, 22, 23, 26, 27, 30, 31} - 114, 119, 
121: {32, 1, 13, 16, 17, 19, 22, 23, 26, 27, 30, 31} - 96, 115, 118, 122, 123, 327, 
122: {32, 1, 13, 17, 19, 22, 23, 26, 27, 29, 30, 31} - 97, 121, 
123: {32, 1, 16, 17, 18, 19, 22, 23, 26, 27, 30, 31} - 98, 116, 119, 121, 
124: {2, 3, 4, 6, 7, 8, 10, 11, 14, 15, 20, 24} - 129, 151, 
125: {2, 3, 4, 6, 7, 9, 10, 11, 14, 15, 24, 29} - 129, 154, 
126: {2, 3, 4, 6, 7, 10, 11, 13, 14, 15, 20, 29} - 128, 129, 156, 199, 
127: {2, 3, 4, 6, 7, 10, 11, 13, 15, 16, 17, 20} - 128, 200, 
128: {2, 3, 4, 6, 7, 10, 11, 13, 15, 17, 20, 29} - 2, 126, 127, 130, 157, 201, 
129: {2, 3, 4, 6, 7, 10, 11, 14, 15, 20, 24, 29} - 124, 125, 126, 130, 158, 204, 
130: {2, 3, 4, 6, 7, 10, 11, 15, 17, 20, 24, 29} - 128, 129, 159, 205, 
131: {2, 3, 5, 6, 7, 8, 9, 11, 14, 15, 21, 25} - 134, 149, 
132: {2, 3, 5, 6, 8, 9, 10, 11, 14, 15, 25, 28} - 134, 163, 
133: {2, 3, 5, 6, 8, 9, 11, 12, 14, 15, 21, 28} - 134, 136, 139, 164, 
134: {2, 3, 5, 6, 8, 9, 11, 14, 15, 21, 25, 28} - 131, 132, 133, 137, 140, 165, 
135: {2, 3, 5, 6, 8, 9, 12, 14, 15, 16, 18, 28} - 136, 141, 
136: {2, 3, 5, 6, 8, 9, 12, 14, 15, 18, 21, 28} - 3, 133, 135, 137, 142, 166, 
137: {2, 3, 5, 6, 8, 9, 14, 15, 18, 21, 25, 28} - 134, 136, 145, 167, 
138: {2, 3, 5, 8, 9, 11, 12, 14, 15, 16, 28, 31} - 139, 141, 
139: {2, 3, 5, 8, 9, 11, 12, 14, 15, 21, 28, 31} - 4, 133, 138, 140, 142, 180, 
140: {2, 3, 5, 8, 9, 11, 14, 15, 21, 25, 28, 31} - 134, 139, 145, 181, 
141: {2, 3, 5, 8, 9, 12, 14, 15, 16, 18, 28, 31} - 6, 135, 138, 142, 143, 231, 
142: {2, 3, 5, 8, 9, 12, 14, 15, 18, 21, 28, 31} - 7, 136, 139, 141, 144, 145, 182, 232, 
143: {2, 3, 5, 8, 9, 12, 14, 16, 18, 28, 30, 31} - 8, 141, 144, 233, 
144: {2, 3, 5, 8, 9, 12, 14, 18, 21, 28, 30, 31} - 9, 142, 143, 146, 183, 234, 
145: {2, 3, 5, 8, 9, 14, 15, 18, 21, 25, 28, 31} - 137, 140, 142, 146, 184, 237, 
146: {2, 3, 5, 8, 9, 14, 18, 21, 25, 28, 30, 31} - 144, 145, 185, 238, 
147: {2, 3, 6, 7, 8, 9, 10, 11, 14, 15, 24, 25} - 149, 151, 154, 163, 
148: {2, 3, 6, 7, 8, 9, 11, 12, 14, 15, 21, 24} - 149, 164, 
149: {2, 3, 6, 7, 8, 9, 11, 14, 15, 21, 24, 25} - 131, 147, 148, 152, 155, 165, 
150: {2, 3, 6, 7, 8, 10, 11, 13, 14, 15, 20, 25} - 151, 156, 
151: {2, 3, 6, 7, 8, 10, 11, 14, 15, 20, 24, 25} - 124, 147, 150, 152, 158, 168, 
152: {2, 3, 6, 7, 8, 11, 14, 15, 20, 21, 24, 25} - 149, 151, 160, 169, 
153: {2, 3, 6, 7, 9, 10, 11, 13, 14, 15, 25, 29} - 154, 156, 
154: {2, 3, 6, 7, 9, 10, 11, 14, 15, 24, 25, 29} - 125, 147, 153, 155, 158, 171, 
155: {2, 3, 6, 7, 9, 11, 14, 15, 21, 24, 25, 29} - 149, 154, 160, 172, 
156: {2, 3, 6, 7, 10, 11, 13, 14, 15, 20, 25, 29} - 126, 150, 153, 157, 158, 207, 
157: {2, 3, 6, 7, 10, 11, 13, 15, 17, 20, 25, 29} - 128, 156, 159, 208, 
158: {2, 3, 6, 7, 10, 11, 14, 15, 20, 24, 25, 29} - 129, 151, 154, 156, 159, 160, 174, 210, 
159: {2, 3, 6, 7, 10, 11, 15, 17, 20, 24, 25, 29} - 130, 157, 158, 161, 175, 211, 
160: {2, 3, 6, 7, 11, 14, 15, 20, 21, 24, 25, 29} - 152, 155, 158, 161, 176, 213, 
161: {2, 3, 6, 7, 11, 15, 17, 20, 21, 24, 25, 29} - 159, 160, 177, 214, 
162: {2, 3, 6, 8, 9, 10, 11, 12, 14, 15, 24, 28} - 163, 164, 
163: {2, 3, 6, 8, 9, 10, 11, 14, 15, 24, 25, 28} - 132, 147, 162, 165, 168, 171, 
164: {2, 3, 6, 8, 9, 11, 12, 14, 15, 21, 24, 28} - 133, 148, 162, 165, 166, 180, 
165: {2, 3, 6, 8, 9, 11, 14, 15, 21, 24, 25, 28} - 134, 149, 163, 164, 167, 169, 172, 181, 
166: {2, 3, 6, 8, 9, 12, 14, 15, 18, 21, 24, 28} - 136, 164, 167, 182, 
167: {2, 3, 6, 8, 9, 14, 15, 18, 21, 24, 25, 28} - 137, 165, 166, 170, 173, 184, 
168: {2, 3, 6, 8, 10, 11, 14, 15, 20, 24, 25, 28} - 151, 163, 169, 174, 
169: {2, 3, 6, 8, 11, 14, 15, 20, 21, 24, 25, 28} - 152, 165, 168, 170, 176, 186, 
170: {2, 3, 6, 8, 14, 15, 18, 20, 21, 24, 25, 28} - 167, 169, 178, 187, 
171: {2, 3, 6, 9, 10, 11, 14, 15, 24, 25, 28, 29} - 154, 163, 172, 174, 
172: {2, 3, 6, 9, 11, 14, 15, 21, 24, 25, 28, 29} - 155, 165, 171, 173, 176, 189, 
173: {2, 3, 6, 9, 14, 15, 18, 21, 24, 25, 28, 29} - 167, 172, 178, 190, 
174: {2, 3, 6, 10, 11, 14, 15, 20, 24, 25, 28, 29} - 158, 168, 171, 175, 176, 216, 
175: {2, 3, 6, 10, 11, 15, 17, 20, 24, 25, 28, 29} - 159, 174, 177, 217, 
176: {2, 3, 6, 11, 14, 15, 20, 21, 24, 25, 28, 29} - 160, 169, 172, 174, 177, 178, 192, 219, 
177: {2, 3, 6, 11, 15, 17, 20, 21, 24, 25, 28, 29} - 161, 175, 176, 179, 193, 220, 
178: {2, 3, 6, 14, 15, 18, 20, 21, 24, 25, 28, 29} - 170, 173, 176, 179, 194, 222, 
179: {2, 3, 6, 15, 17, 18, 20, 21, 24, 25, 28, 29} - 177, 178, 196, 223, 
180: {2, 3, 8, 9, 11, 12, 14, 15, 21, 24, 28, 31} - 139, 164, 181, 182, 
181: {2, 3, 8, 9, 11, 14, 15, 21, 24, 25, 28, 31} - 140, 165, 180, 184, 186, 189, 
182: {2, 3, 8, 9, 12, 14, 15, 18, 21, 24, 28, 31} - 142, 166, 180, 183, 184, 240, 
183: {2, 3, 8, 9, 12, 14, 18, 21, 24, 28, 30, 31} - 144, 182, 185, 241, 
184: {2, 3, 8, 9, 14, 15, 18, 21, 24, 25, 28, 31} - 145, 167, 181, 182, 185, 187, 190, 243, 
185: {2, 3, 8, 9, 14, 18, 21, 24, 25, 28, 30, 31} - 146, 183, 184, 188, 191, 244, 
186: {2, 3, 8, 11, 14, 15, 20, 21, 24, 25, 28, 31} - 169, 181, 187, 192, 
187: {2, 3, 8, 14, 15, 18, 20, 21, 24, 25, 28, 31} - 170, 184, 186, 188, 194, 246, 
188: {2, 3, 8, 14, 18, 20, 21, 24, 25, 28, 30, 31} - 185, 187, 195, 247, 
189: {2, 3, 9, 11, 14, 15, 21, 24, 25, 28, 29, 31} - 172, 181, 190, 192, 
190: {2, 3, 9, 14, 15, 18, 21, 24, 25, 28, 29, 31} - 173, 184, 189, 191, 194, 249, 
191: {2, 3, 9, 14, 18, 21, 24, 25, 28, 29, 30, 31} - 185, 190, 195, 250, 
192: {2, 3, 11, 14, 15, 20, 21, 24, 25, 28, 29, 31} - 176, 186, 189, 193, 194, 225, 
193: {2, 3, 11, 15, 17, 20, 21, 24, 25, 28, 29, 31} - 177, 192, 196, 226, 
194: {2, 3, 14, 15, 18, 20, 21, 24, 25, 28, 29, 31} - 178, 187, 190, 192, 195, 196, 228, 252, 
195: {2, 3, 14, 18, 20, 21, 24, 25, 28, 29, 30, 31} - 188, 191, 194, 197, 229, 253, 
196: {2, 3, 15, 17, 18, 20, 21, 24, 25, 28, 29, 31} - 179, 193, 194, 197, 230, 254, 
197: {2, 3, 17, 18, 20, 21, 24, 25, 28, 29, 30, 31} - 195, 196, 
198: {32, 2, 4, 6, 7, 10, 11, 13, 14, 15, 16, 20} - 199, 200, 
199: {32, 2, 4, 6, 7, 10, 11, 13, 14, 15, 20, 29} - 12, 126, 198, 201, 204, 207, 
200: {32, 2, 4, 6, 7, 10, 11, 13, 15, 16, 17, 20} - 13, 127, 198, 201, 202, 255, 
201: {32, 2, 4, 6, 7, 10, 11, 13, 15, 17, 20, 29} - 14, 128, 199, 200, 203, 205, 208, 256, 
202: {32, 2, 4, 6, 7, 10, 11, 13, 16, 17, 20, 22} - 15, 200, 203, 257, 
203: {32, 2, 4, 6, 7, 10, 11, 13, 17, 20, 22, 29} - 16, 201, 202, 206, 209, 258, 
204: {32, 2, 4, 6, 7, 10, 11, 14, 15, 20, 24, 29} - 129, 199, 205, 210, 
205: {32, 2, 4, 6, 7, 10, 11, 15, 17, 20, 24, 29} - 130, 201, 204, 206, 211, 259, 
206: {32, 2, 4, 6, 7, 10, 11, 17, 20, 22, 24, 29} - 203, 205, 212, 260, 
207: {32, 2, 6, 7, 10, 11, 13, 14, 15, 20, 25, 29} - 156, 199, 208, 210, 
208: {32, 2, 6, 7, 10, 11, 13, 15, 17, 20, 25, 29} - 157, 201, 207, 209, 211, 294, 
209: {32, 2, 6, 7, 10, 11, 13, 17, 20, 22, 25, 29} - 203, 208, 212, 295, 
210: {32, 2, 6, 7, 10, 11, 14, 15, 20, 24, 25, 29} - 158, 204, 207, 211, 213, 216, 
211: {32, 2, 6, 7, 10, 11, 15, 17, 20, 24, 25, 29} - 159, 205, 208, 210, 212, 214, 217, 296, 
212: {32, 2, 6, 7, 10, 11, 17, 20, 22, 24, 25, 29} - 206, 209, 211, 215, 218, 297, 
213: {32, 2, 6, 7, 11, 14, 15, 20, 21, 24, 25, 29} - 160, 210, 214, 219, 
214: {32, 2, 6, 7, 11, 15, 17, 20, 21, 24, 25, 29} - 161, 211, 213, 215, 220, 300, 
215: {32, 2, 6, 7, 11, 17, 20, 21, 22, 24, 25, 29} - 212, 214, 221, 301, 
216: {32, 2, 6, 10, 11, 14, 15, 20, 24, 25, 28, 29} - 174, 210, 217, 219, 
217: {32, 2, 6, 10, 11, 15, 17, 20, 24, 25, 28, 29} - 175, 211, 216, 218, 220, 303, 
218: {32, 2, 6, 10, 11, 17, 20, 22, 24, 25, 28, 29} - 212, 217, 221, 304, 
219: {32, 2, 6, 11, 14, 15, 20, 21, 24, 25, 28, 29} - 176, 213, 216, 220, 222, 225, 
220: {32, 2, 6, 11, 15, 17, 20, 21, 24, 25, 28, 29} - 177, 214, 217, 219, 221, 223, 226, 306, 
221: {32, 2, 6, 11, 17, 20, 21, 22, 24, 25, 28, 29} - 215, 218, 220, 224, 227, 307, 
222: {32, 2, 6, 14, 15, 18, 20, 21, 24, 25, 28, 29} - 178, 219, 223, 228, 
223: {32, 2, 6, 15, 17, 18, 20, 21, 24, 25, 28, 29} - 179, 220, 222, 224, 230, 308, 
224: {32, 2, 6, 17, 18, 20, 21, 22, 24, 25, 28, 29} - 221, 223, 
225: {32, 2, 11, 14, 15, 20, 21, 24, 25, 28, 29, 31} - 192, 219, 226, 228, 
226: {32, 2, 11, 15, 17, 20, 21, 24, 25, 28, 29, 31} - 193, 220, 225, 227, 230, 325, 
227: {32, 2, 11, 17, 20, 21, 22, 24, 25, 28, 29, 31} - 221, 226, 
228: {32, 2, 14, 15, 18, 20, 21, 24, 25, 28, 29, 31} - 194, 222, 225, 229, 230, 328, 
229: {32, 2, 14, 18, 20, 21, 24, 25, 28, 29, 30, 31} - 195, 228, 
230: {32, 2, 15, 17, 18, 20, 21, 24, 25, 28, 29, 31} - 196, 223, 226, 228, 
231: {3, 5, 8, 9, 12, 14, 15, 16, 18, 19, 28, 31} - 27, 141, 232, 233, 
232: {3, 5, 8, 9, 12, 14, 15, 18, 19, 21, 28, 31} - 28, 142, 231, 234, 237, 240, 
233: {3, 5, 8, 9, 12, 14, 16, 18, 19, 28, 30, 31} - 29, 143, 231, 234, 235, 279, 
234: {3, 5, 8, 9, 12, 14, 18, 19, 21, 28, 30, 31} - 30, 144, 232, 233, 236, 238, 241, 280, 
235: {3, 5, 8, 9, 12, 16, 18, 19, 23, 28, 30, 31} - 31, 233, 236, 281, 
236: {3, 5, 8, 9, 12, 18, 19, 21, 23, 28, 30, 31} - 32, 234, 235, 239, 242, 282, 
237: {3, 5, 8, 9, 14, 15, 18, 19, 21, 25, 28, 31} - 145, 232, 238, 243, 
238: {3, 5, 8, 9, 14, 18, 19, 21, 25, 28, 30, 31} - 146, 234, 237, 239, 244, 283, 
239: {3, 5, 8, 9, 18, 19, 21, 23, 25, 28, 30, 31} - 236, 238, 245, 284, 
240: {3, 8, 9, 12, 14, 15, 18, 19, 21, 24, 28, 31} - 182, 232, 241, 243, 
241: {3, 8, 9, 12, 14, 18, 19, 21, 24, 28, 30, 31} - 183, 234, 240, 242, 244, 315, 
242: {3, 8, 9, 12, 18, 19, 21, 23, 24, 28, 30, 31} - 236, 241, 245, 316, 
243: {3, 8, 9, 14, 15, 18, 19, 21, 24, 25, 28, 31} - 184, 237, 240, 244, 246, 249, 
244: {3, 8, 9, 14, 18, 19, 21, 24, 25, 28, 30, 31} - 185, 238, 241, 243, 245, 247, 250, 317, 
245: {3, 8, 9, 18, 19, 21, 23, 24, 25, 28, 30, 31} - 239, 242, 244, 248, 251, 318, 
246: {3, 8, 14, 15, 18, 19, 20, 21, 24, 25, 28, 31} - 187, 243, 247, 252, 
247: {3, 8, 14, 18, 19, 20, 21, 24, 25, 28, 30, 31} - 188, 244, 246, 248, 253, 320, 
248: {3, 8, 18, 19, 20, 21, 23, 24, 25, 28, 30, 31} - 245, 247, 
249: {3, 9, 14, 15, 18, 19, 21, 24, 25, 28, 29, 31} - 190, 243, 250, 252, 
250: {3, 9, 14, 18, 19, 21, 24, 25, 28, 29, 30, 31} - 191, 244, 249, 251, 253, 322, 
251: {3, 9, 18, 19, 21, 23, 24, 25, 28, 29, 30, 31} - 245, 250, 
252: {3, 14, 15, 18, 19, 20, 21, 24, 25, 28, 29, 31} - 194, 246, 249, 253, 254, 328, 
253: {3, 14, 18, 19, 20, 21, 24, 25, 28, 29, 30, 31} - 195, 247, 250, 252, 
254: {3, 15, 17, 18, 19, 20, 21, 24, 25, 28, 29, 31} - 196, 252, 
255: {32, 4, 6, 7, 10, 11, 13, 15, 16, 17, 20, 27} - 75, 200, 256, 257, 
256: {32, 4, 6, 7, 10, 11, 13, 15, 17, 20, 27, 29} - 76, 201, 255, 258, 259, 294, 
257: {32, 4, 6, 7, 10, 11, 13, 16, 17, 20, 22, 27} - 77, 202, 255, 258, 261, 264, 
258: {32, 4, 6, 7, 10, 11, 13, 17, 20, 22, 27, 29} - 78, 203, 256, 257, 260, 262, 265, 295, 
259: {32, 4, 6, 7, 10, 11, 15, 17, 20, 24, 27, 29} - 205, 256, 260, 296, 
260: {32, 4, 6, 7, 10, 11, 17, 20, 22, 24, 27, 29} - 206, 258, 259, 263, 266, 297, 
261: {32, 4, 6, 7, 10, 13, 16, 17, 20, 22, 26, 27} - 80, 257, 262, 267, 
262: {32, 4, 6, 7, 10, 13, 17, 20, 22, 26, 27, 29} - 81, 258, 261, 263, 268, 298, 
263: {32, 4, 6, 7, 10, 17, 20, 22, 24, 26, 27, 29} - 260, 262, 269, 299, 
264: {32, 4, 7, 10, 11, 13, 16, 17, 20, 22, 23, 27} - 83, 257, 265, 267, 
265: {32, 4, 7, 10, 11, 13, 17, 20, 22, 23, 27, 29} - 84, 258, 264, 266, 268, 309, 
266: {32, 4, 7, 10, 11, 17, 20, 22, 23, 24, 27, 29} - 260, 265, 269, 310, 
267: {32, 4, 7, 10, 13, 16, 17, 20, 22, 23, 26, 27} - 86, 261, 264, 268, 270, 273, 
268: {32, 4, 7, 10, 13, 17, 20, 22, 23, 26, 27, 29} - 87, 262, 265, 267, 269, 271, 274, 311, 
269: {32, 4, 7, 10, 17, 20, 22, 23, 24, 26, 27, 29} - 263, 266, 268, 272, 275, 312, 
270: {32, 4, 7, 13, 16, 17, 19, 20, 22, 23, 26, 27} - 89, 267, 271, 276, 
271: {32, 4, 7, 13, 17, 19, 20, 22, 23, 26, 27, 29} - 90, 268, 270, 272, 277, 314, 
272: {32, 4, 7, 17, 19, 20, 22, 23, 24, 26, 27, 29} - 269, 271, 
273: {32, 4, 10, 13, 16, 17, 20, 22, 23, 26, 27, 30} - 92, 267, 274, 276, 
274: {32, 4, 10, 13, 17, 20, 22, 23, 26, 27, 29, 30} - 93, 268, 273, 275, 277, 324, 
275: {32, 4, 10, 17, 20, 22, 23, 24, 26, 27, 29, 30} - 269, 274, 
276: {32, 4, 13, 16, 17, 19, 20, 22, 23, 26, 27, 30} - 96, 270, 273, 277, 278, 327, 
277: {32, 4, 13, 17, 19, 20, 22, 23, 26, 27, 29, 30} - 97, 271, 274, 276, 
278: {32, 4, 16, 17, 18, 19, 20, 22, 23, 26, 27, 30} - 98, 276, 
279: {5, 8, 9, 12, 14, 16, 18, 19, 26, 28, 30, 31} - 102, 233, 280, 281, 
280: {5, 8, 9, 12, 14, 18, 19, 21, 26, 28, 30, 31} - 103, 234, 279, 282, 283, 315, 
281: {5, 8, 9, 12, 16, 18, 19, 23, 26, 28, 30, 31} - 104, 235, 279, 282, 285, 288, 
282: {5, 8, 9, 12, 18, 19, 21, 23, 26, 28, 30, 31} - 105, 236, 280, 281, 284, 286, 289, 316, 
283: {5, 8, 9, 14, 18, 19, 21, 25, 26, 28, 30, 31} - 238, 280, 284, 317, 
284: {5, 8, 9, 18, 19, 21, 23, 25, 26, 28, 30, 31} - 239, 282, 283, 287, 290, 318, 
285: {5, 8, 12, 16, 18, 19, 22, 23, 26, 28, 30, 31} - 107, 281, 286, 291, 
286: {5, 8, 12, 18, 19, 21, 22, 23, 26, 28, 30, 31} - 108, 282, 285, 287, 292, 319, 
287: {5, 8, 18, 19, 21, 22, 23, 25, 26, 28, 30, 31} - 284, 286, 
288: {5, 9, 12, 16, 18, 19, 23, 26, 27, 28, 30, 31} - 110, 281, 289, 291, 
289: {5, 9, 12, 18, 19, 21, 23, 26, 27, 28, 30, 31} - 111, 282, 288, 290, 292, 321, 
290: {5, 9, 18, 19, 21, 23, 25, 26, 27, 28, 30, 31} - 284, 289, 
291: {5, 12, 16, 18, 19, 22, 23, 26, 27, 28, 30, 31} - 113, 285, 288, 292, 293, 326, 
292: {5, 12, 18, 19, 21, 22, 23, 26, 27, 28, 30, 31} - 114, 286, 289, 291, 
293: {5, 16, 17, 18, 19, 22, 23, 26, 27, 28, 30, 31} - 116, 291, 
294: {32, 6, 7, 10, 11, 13, 15, 17, 20, 25, 27, 29} - 208, 256, 295, 296, 
295: {32, 6, 7, 10, 11, 13, 17, 20, 22, 25, 27, 29} - 209, 258, 294, 297, 298, 309, 
296: {32, 6, 7, 10, 11, 15, 17, 20, 24, 25, 27, 29} - 211, 259, 294, 297, 300, 303, 
297: {32, 6, 7, 10, 11, 17, 20, 22, 24, 25, 27, 29} - 212, 260, 295, 296, 299, 301, 304, 310, 
298: {32, 6, 7, 10, 13, 17, 20, 22, 25, 26, 27, 29} - 262, 295, 299, 311, 
299: {32, 6, 7, 10, 17, 20, 22, 24, 25, 26, 27, 29} - 263, 297, 298, 302, 305, 312, 
300: {32, 6, 7, 11, 15, 17, 20, 21, 24, 25, 27, 29} - 214, 296, 301, 306, 
301: {32, 6, 7, 11, 17, 20, 21, 22, 24, 25, 27, 29} - 215, 297, 300, 302, 307, 313, 
302: {32, 6, 7, 17, 20, 21, 22, 24, 25, 26, 27, 29} - 299, 301, 
303: {32, 6, 10, 11, 15, 17, 20, 24, 25, 27, 28, 29} - 217, 296, 304, 306, 
304: {32, 6, 10, 11, 17, 20, 22, 24, 25, 27, 28, 29} - 218, 297, 303, 305, 307, 323, 
305: {32, 6, 10, 17, 20, 22, 24, 25, 26, 27, 28, 29} - 299, 304, 
306: {32, 6, 11, 15, 17, 20, 21, 24, 25, 27, 28, 29} - 220, 300, 303, 307, 308, 325, 
307: {32, 6, 11, 17, 20, 21, 22, 24, 25, 27, 28, 29} - 221, 301, 304, 306, 
308: {32, 6, 15, 17, 18, 20, 21, 24, 25, 27, 28, 29} - 223, 306, 
309: {32, 7, 10, 11, 13, 17, 20, 22, 23, 25, 27, 29} - 265, 295, 310, 311, 
310: {32, 7, 10, 11, 17, 20, 22, 23, 24, 25, 27, 29} - 266, 297, 309, 312, 313, 323, 
311: {32, 7, 10, 13, 17, 20, 22, 23, 25, 26, 27, 29} - 268, 298, 309, 312, 314, 324, 
312: {32, 7, 10, 17, 20, 22, 23, 24, 25, 26, 27, 29} - 269, 299, 310, 311, 
313: {32, 7, 11, 17, 20, 21, 22, 23, 24, 25, 27, 29} - 301, 310, 
314: {32, 7, 13, 17, 19, 20, 22, 23, 25, 26, 27, 29} - 271, 311, 
315: {8, 9, 12, 14, 18, 19, 21, 24, 26, 28, 30, 31} - 241, 280, 316, 317, 
316: {8, 9, 12, 18, 19, 21, 23, 24, 26, 28, 30, 31} - 242, 282, 315, 318, 319, 321, 
317: {8, 9, 14, 18, 19, 21, 24, 25, 26, 28, 30, 31} - 244, 283, 315, 318, 320, 322, 
318: {8, 9, 18, 19, 21, 23, 24, 25, 26, 28, 30, 31} - 245, 284, 316, 317, 
319: {8, 12, 18, 19, 21, 22, 23, 24, 26, 28, 30, 31} - 286, 316, 
320: {8, 14, 18, 19, 20, 21, 24, 25, 26, 28, 30, 31} - 247, 317, 
321: {9, 12, 18, 19, 21, 23, 24, 26, 27, 28, 30, 31} - 289, 316, 
322: {9, 14, 18, 19, 21, 24, 25, 26, 28, 29, 30, 31} - 250, 317, 
323: {32, 10, 11, 17, 20, 22, 23, 24, 25, 27, 28, 29} - 304, 310, 
324: {32, 10, 13, 17, 20, 22, 23, 25, 26, 27, 29, 30} - 274, 311, 
325: {32, 11, 15, 17, 20, 21, 24, 25, 27, 28, 29, 31} - 226, 306, 
326: {32, 12, 16, 18, 19, 22, 23, 26, 27, 28, 30, 31} - 119, 291, 
327: {32, 13, 16, 17, 19, 20, 22, 23, 26, 27, 30, 31} - 121, 276, 
328: {32, 14, 15, 18, 19, 20, 21, 24, 25, 28, 29, 31} - 228, 252, 
